702434
702435
702436
702437
702438
702439
702440
702441
702442
702443
702444
702445
702446
702447
702448
702449
702450
702452
702453
702454
702455
702456
702457
702458
702459
702460
702461
702462
702463
702464
702465
702466
702467
702468
702469
702470
702471
702472
702473
702474
702475
702476
703277
703278
703279
29500
409564
29389
466813
16283
466812
28869
28271
29501
29502
483521
483522
483524
483517
483518
483523
483520
483519
29343
538924
463140
28887
29432
29433
29344
29346
29347
175944
29390
29391
539569
29392
28844
28845
589747
29393
28272
7248
30849
29454
29453
106238
29349
29350
29351
517123
463141
30859
28274
28846
29352
495038
29396
29397
128
461907
28847
28848
539399
466814
476092
7247
466820
28275
175943
28276
634051
29503
29478
539330
539329
539328
30835
29353
29398
28277
28278
28279
28280
29434
29435
489651
29436
29415
392022
175946
420737
420738
420739
420736
29354
424692
424693
424694
466815
466821
411766
467418
401174
29355
29356
29357
29358
29359
28849
28850
28851
28852
28853
28854
29417
30830
29399
29400
461883
417534
29360
427789
421639
484304
173553
120
121
118
119
13836
30836
368084
484371
174307
539400
174309
539323
174302
539327
174306
425020
29362
29363
28281
466817
28282
515904
702571
596703
30832
126
421640
127
421641
702572
466816
446556
29437
29438
29402
29361
29440
29439
417533
29441
29442
29364
14753
29365
29456
29366
29367
508825
29368
29443
29444
29445
543453
29472
29464
29471
29466
29475
29469
29476
29470
29477
29465
388576
29418
29419
30854
416204
29369
29370
463131
11799
420761
420762
420763
420764
463130
29371
377759
29446
180184
29525
29526
28283
388575
29373
29374
500119
392023
29375
29457
509003
31976
28889
29376
29427
29420
29377
495037
29421
401173
11758
28934
28935
28878
466822
548708
466823
29463
29494
29495
485850
28936
501584
29504
29479
517119
29428
29527
29528
501586
30845
28937
28940
495621
28939
28284
403923
29378
29379
29380
29381
29382
29384
29385
366756
431
466819
123
368971
466818
7279
15110
15111
15112
442375
15115
15116
15118
28947
411775
411774
446555
411773
488206
28285
11812
28287
28897
11757
28949
543452
5347
28856
28859
417532
28858
461699
463218
28288
517117
8624
9480
28883
29403
29422
29404
30852
390683
29447
28861
461884
517118
30851
29405
28951
29459
29458
461898
29386
11759
29448
29529
29530
29455
29387
180209
28952
30842
29499
29497
29496
29498
29509
29480
29510
29511
29481
29512
29482
29514
29513
29484
29483
29485
446558
446557
517121
29430
29429
490006
490007
490008
490002
490003
490004
490005
490029
490030
490028
490031
490032
490010
490024
490012
490021
490009
490053
490013
490014
490015
490016
490027
490011
490025
490020
490022
490023
517122
417566
15107
487183
521047
521048
495833
495834
495835
15126
15131
15128
5348
28953
28954
5349
28884
15130
15127
15132
15108
15129
461885
11824
463235
29515
29516
29517
29486
29488
29487
29489
29490
29492
29519
29520
29521
456909
456908
29522
29523
29524
29491
29518
411859
411858
517120
461886
29449
29450
488087
518271
518272
423887
29406
29407
28866
122
404640
30858
29910
5346
463216
439677
439676
439679
439678
29461
28291
423886
29423
29424
637908
27566
27574
11815
11816
11817
461700
29425
517124
29408
29409
11818
11819
11820
11821
11822
489875
175945
29452
29451
29410
137555
950
30850
404897
29411
29412
29414
29413
375315
375313
30396
28292
29426
401172
11823
29912
387021
30853
30860
16029
518270
717649
739621
739622
739623
739624
739625
739626
739627
739628
739629
739630
739631
739632
739633
739634
739635
739636
739637
739638
739639
739640
739641
739642
739643
739644
739645
739646
739647
739648
739649
739650
739651
739652
739653
739654
739655
739656
739657
739658
739659
739660
739661
739662
739663
739664
739665
739666
739667
739668
739669
739670
739671
739672
739673
739674
739675
739676
739677
739678
739679
739680
739681
739682
739683
739684
739685
739686
739687
739688
739689
739690
739691
739692
739693
739694
739695
739696
739697
739698
739699
739700
739701
739702
739703
739704
739705
739706
739707
739708
739709
739710
739711
739712
739713
739714
739715
739716
739717
739718
739719
739720
739721
739722
739723
739724
739725
739726
739727
739728
739729
739730
739731
739732
739733
739734
739735
739736
739737
739738
739739
739740
739741
739742
739743
739744
739745
739746
739747
739748
739749
739750
739751
739752
739753
739754
739755
739756
739757
739758
739759
739760
739761
739762
739763
739764
739765
739766
739767
739768
739769
739770
743346
744987
498895
498903
498896
504333
523148
22676
22597
22599
22693
22702
22618
22687
22711
22617
22696
22708
22723
22620
22679
22659
22638
22609
22647
22660
22715
22607
22720
22726
22701
544447
22697
22722
22655
22671
543844
22608
22700
22637
22685
22725
22686
22714
22705
22721
22662
22663
22602
22661
593232
466826
22610
22626
22629
22642
22717
22699
22718
22709
22651
22677
527910
22658
22631
91863
22673
22706
22632
22636
22704
22654
22627
22633
22648
22665
22724
22668
496033
22600
22619
22664
22680
22672
22691
22656
22683
22690
498893
22601
22603
22684
22681
22605
22675
22646
22712
504332
374898
22625
22613
22623
22639
22710
22635
22650
22634
22719
22707
22641
22640
411651
22614
22624
22727
22643
22674
22669
421820
22678
22689
22612
106237
443830
22688
22630
22695
22598
440003
22604
423196
718634
22606
493710
22667
411649
22716
22649
22644
22666
504334
501058
22616
22645
22611
22692
22698
22653
22622
22703
22652
22670
22615
22628
700208
22694
22682
153554
153555
404905
498898
446554
23433
23488
23522
23473
23446
23538
23503
23525
23490
23450
23520
23420
23475
23561
23563
23457
23553
23521
493709
23470
23529
23528
23532
23531
23541
23576
23458
23414
23555
23491
23505
23469
23479
23545
23523
23573
23513
23500
23432
23483
23481
23425
23568
23439
23431
23506
23441
23436
23498
23451
23478
23461
23435
23434
23463
23423
23559
23519
23509
23402
23549
23507
23410
23551
23477
23445
23476
23550
23557
23544
23492
23440
23405
23468
23449
23447
23424
23465
23539
23511
23466
22713
23411
23570
23448
724953
411652
23578
23560
23474
23530
23547
23428
23407
23421
23422
23467
23418
23497
23408
23482
23404
23574
23429
23415
23556
23455
23534
23501
23493
23577
23443
23579
23504
23552
23537
23502
23508
23406
23460
23535
23459
23512
23510
23444
23566
23572
23499
23516
23419
23524
23548
23409
23562
23430
23533
427998
23454
423195
23517
23496
23485
23526
23515
23472
23453
23543
23416
23438
23480
23575
23413
23569
23487
23514
23452
23536
23442
23426
23558
23462
23417
23437
23564
23567
23412
23494
429243
530361
23565
23554
23486
23427
23456
23484
23489
23464
23546
23403
23540
23495
23527
23471
521827
23571
91923
91934
91933
91851
91852
91935
91924
91936
91937
91853
91854
91855
91938
91856
91857
91858
91859
91860
91861
91862
91864
91865
91866
91867
91868
91869
91925
91870
91871
91872
91873
91874
91875
91876
91940
91877
91878
91941
91879
91939
91880
91881
91882
91942
91883
91884
91885
91886
91943
91887
91926
91944
91888
91889
91890
91891
91945
91892
91932
91894
91927
91895
91896
91946
91897
91928
91898
91899
91947
91900
91901
495691
91929
91948
91902
91903
91904
91905
91906
91907
91908
91930
91909
703685
91910
91911
91912
91949
91913
91914
91931
91950
91915
91916
91917
91918
91951
91919
91920
91922
91921
702166
22455
22471
390747
22442
423197
440004
22561
22523
496034
22584
22533
22435
22596
22509
22530
22429
22592
22486
22463
22534
22451
22590
22567
22595
22443
22591
22542
22438
22493
22550
22529
22572
22568
22483
22474
22506
22499
22551
22452
22586
22517
22511
22465
22543
22464
22450
22562
22576
22502
22574
22508
22462
22468
22485
22480
22552
22524
22472
22518
22469
22553
22459
22439
22535
22579
22494
22555
22554
22566
22460
22434
22594
22500
22458
22510
22547
22585
22431
22539
22492
22580
22466
22570
22504
22501
22545
22531
22589
22546
22541
22593
22525
22475
22476
22477
22432
22444
22577
22588
22557
22565
22583
22573
22513
22587
22578
22521
22456
22440
22548
22470
22558
22559
22461
22454
22575
22484
22527
22436
22569
22516
22519
22503
22495
22490
22487
22522
22437
22556
22512
22581
140240
22582
22489
22507
22457
22505
22479
22478
22467
22481
22447
22563
22537
22514
22540
22491
22453
22498
22520
22446
22496
22497
22430
22488
22549
22482
22441
22433
22528
22538
22515
22536
22564
22473
22560
22544
22532
22445
22571
30545
30546
744800
23396
420580
23542
508425
462709
498894
498900
423194
423198
160527
22817
22859
390732
22882
22898
22820
22896
443635
22856
22841
581875
22805
22878
22894
22892
22843
493708
22818
22860
22897
22888
22884
22821
22879
22868
22851
22806
22885
496035
22807
22848
22909
22842
498890
22837
22886
22835
498892
22828
22849
22862
22825
22808
22824
22812
22911
22822
22826
22816
22903
22809
22852
175438
509347
22873
22906
22865
22845
22815
22880
700015
22876
22850
498899
22833
22855
22839
22832
22907
22819
504331
22864
22904
22861
22871
22831
22867
22908
91893
22874
22854
22857
22899
22449
22875
22869
22863
22814
22870
22883
22895
22834
22872
22853
22887
22901
22900
22877
22810
22881
22803
411650
22830
22889
22813
22829
22838
22844
22890
500458
22902
22893
22804
22836
22847
22846
22910
22866
520133
505970
22840
22891
22811
22905
447987
22823
22827
22858
404904
425116
512523
512409
512410
512411
512412
512413
512414
512415
512416
512417
512418
512419
512420
512421
512422
512423
512424
512425
512426
512427
512428
512429
512430
512431
512432
512433
512434
512435
512436
512530
512437
512438
512439
512440
512441
512442
512443
512444
512445
512446
512447
512448
512449
512450
512451
512452
512453
512454
512455
512456
512457
512458
512459
512460
512461
512462
512463
512464
512465
512466
512467
512468
635829
512469
512470
512471
512472
512473
512527
512476
512477
512479
512480
512481
512528
512483
512484
512485
512531
512486
512487
512488
512489
512490
512491
512492
512525
512493
512494
512495
512496
512497
512498
512499
512500
512501
512502
512503
512504
512505
512506
512507
512508
512509
512510
512511
512512
512513
512514
635828
512516
512517
512518
512519
512520
512521
498897
23518
22772
22765
22753
22738
23376
23364
23351
23350
23363
745140
22736
22762
22783
22801
22767
22790
22800
22788
22775
22779
22771
22799
22769
22786
22784
22798
22774
22802
22773
22785
22797
22763
22768
22780
22796
22778
22795
22787
22781
22789
22794
22766
22793
22770
22782
22792
22777
22752
22733
22761
22730
22734
22757
22755
22744
22739
22740
22756
22731
22750
22745
22741
22728
22751
22743
22732
22754
22747
22760
22791
22749
22729
22735
22746
22758
22759
22764
22742
22737
22748
23395
23394
23383
23377
23381
23386
23393
23384
23382
23375
23392
23380
23391
23378
23390
23389
23385
23387
23388
446048
23352
23371
23347
23357
23358
23372
23349
23373
23355
23362
23367
23346
23348
23359
23361
23374
23366
23360
23369
23345
160169
23354
23368
23344
23365
23353
23356
23370
746045
368970
30417
368085
425004
425005
425006
425007
425008
425009
425010
425011
425012
425013
425014
425015
425016
425017
425018
133428
133429
27550
424308
30419
367982
669690
507710
736399
386407
728886
728887
728888
728889
728890
728891
728892
728893
728894
728895
728896
728897
728898
728899
728900
728901
728902
728903
728904
728905
728906
728907
728908
728909
728910
728911
728912
728913
728914
728915
728916
728917
728918
728919
728920
728921
728922
728923
728924
728925
728926
728927
728928
728929
728930
728931
728932
728933
728934
728935
728936
728937
728938
728939
728940
728941
728942
728943
728944
728945
728946
728947
728948
728949
728950
728951
728952
728953
728954
728955
728956
728957
728958
728959
728960
728961
728962
728963
728964
728965
728966
728967
728968
728969
728970
728971
728972
728973
728974
728975
728976
728977
728978
728979
728980
728981
728982
728983
728984
728985
728986
727761
727762
727763
727764
727765
727766
727767
727768
727769
727770
727771
727772
727889
496624
472151
471995
471977
472089
521592
486651
484407
486244
472029
475724
453964
470869
472103
471916
470169
495948
471576
484411
472114
486619
471156
521660
486653
471893
471978
470862
495947
472200
470866
472131
472611
470939
472434
472127
499544
475885
470295
485873
470362
470942
472125
470361
472309
470887
472251
471583
486671
472168
471919
486690
486692
472433
486620
486658
470352
483758
480447
486632
471997
471907
472257
472187
472206
472223
472277
488252
521662
486725
521591
521593
472368
472193
472038
471939
483769
470328
471017
472225
472246
488249
470359
479646
472080
470864
472292
501725
480332
470721
470163
471962
471963
471983
486099
486100
486626
486739
472039
472036
470187
489642
521569
471786
471128
470276
472003
472004
471905
521589
472111
470170
472197
471897
588507
484417
470372
487177
521663
470331
472052
470855
471632
472242
471972
470193
486735
486629
486748
471935
470277
472179
472307
472088
483752
521581
471923
486674
486621
471946
472051
507637
483761
470881
470944
486711
471096
471789
472044
472001
472016
472612
471792
496617
472139
522418
470854
486752
486693
479335
471400
471941
471478
471476
471477
472055
471785
486685
486744
486643
486702
472205
472015
472094
486724
470999
471927
471898
470863
471633
472071
470357
479182
471097
475723
472102
486732
484413
485690
472184
470870
472032
471577
471457
472063
472260
486676
470337
472212
499139
486723
472279
486730
486749
486656
472075
472272
499441
496626
486715
471480
471979
486623
471926
483757
472234
471943
501507
472303
475721
472182
470875
470299
471961
471884
471911
472083
472122
471956
472014
471980
471942
480432
480435
480434
480433
472232
471579
471954
483767
493561
472275
486644
475722
486677
486655
486637
471783
521664
470883
521590
472218
471399
470717
486742
472098
486642
470935
470374
470943
486746
472121
496636
501508
504349
470177
470302
471788
472235
472172
472256
472468
470971
484354
470722
472123
472116
486754
470998
472002
486719
470248
521789
470289
470871
471988
499442
472046
470335
472266
480409
470272
486680
471904
470375
472065
471965
472027
472021
472037
472231
472274
472166
486675
472035
472181
470878
479643
472090
472011
472173
472107
472273
487983
471010
470377
501703
472216
472220
483751
470333
486716
496894
471896
471401
472086
486697
486646
471030
472101
488027
472192
471953
487176
472259
472012
472204
486718
472294
472209
470288
470879
472217
471793
472043
471966
470178
471930
472271
471936
471975
472023
470888
472407
471908
486762
472034
486738
471830
496639
483768
472198
483762
484412
472269
472295
471095
470275
486759
486747
488250
486737
486681
486699
494910
486750
486696
486763
472119
486683
471581
486670
486722
486812
486624
496645
471915
521665
486659
496618
495953
486687
486672
486689
486717
471994
486649
472126
471913
486612
495811
486631
484410
484416
471921
471984
470720
472194
470329
472186
486688
486630
483707
471976
495541
471011
470860
471009
495949
471582
486704
499580
471989
472207
472293
472117
471899
471918
496644
521826
471945
472215
472092
485356
479180
471631
486660
471944
470332
486645
471974
471791
472160
486639
470882
472188
472203
472017
470303
472007
470285
472064
521571
496646
486618
471018
470934
486741
472296
472299
472286
472009
472008
472010
475620
488026
472167
472314
472165
472047
472081
472073
496643
486627
486701
521586
487979
470291
486652
472024
486691
472280
472048
471403
471054
479334
470719
471454
472297
472130
486628
472306
471481
472227
483713
471876
472298
472074
471868
472243
472095
472059
472150
471924
486813
470325
470326
471094
486706
472244
470868
472061
472000
471889
472104
471933
472050
472070
472082
470360
470223
472005
470708
471932
471931
472305
471867
471787
471987
486109
472707
471910
480431
471455
470273
471900
471901
471902
470298
472287
471886
470278
485357
472056
472267
521588
472066
472154
472133
486635
500754
521570
486721
486720
494902
484414
471039
453962
471968
471894
486694
471456
472261
486758
472262
472549
486714
486713
470336
472270
486751
470886
471996
488096
486654
486686
486622
470353
483538
472610
486733
480331
471479
486734
471895
471405
472132
488098
471483
486648
470324
471398
470940
486661
486695
483537
471967
472317
472163
470269
521661
470290
471040
472310
471947
453963
472054
472060
499668
471998
472175
471906
472250
496779
472068
472112
472426
472241
471964
495951
479331
470225
494907
483765
471912
470710
470294
472291
470279
488251
470334
472067
486647
483759
486760
486625
486679
486673
472430
472214
471940
470274
471098
472013
470853
471790
471958
486710
472026
483706
486709
595401
486682
521572
470856
470857
486731
472099
471008
470271
472147
471909
471903
471982
470287
472128
486743
470382
495957
471981
471336
483754
470323
471107
472158
470890
472208
472136
472137
472276
472110
495956
470989
470338
501726
480408
472170
479191
471474
471957
483753
470874
471784
472149
472057
471922
472100
472152
472105
472006
471335
521587
472195
472177
499140
496637
470876
472247
471928
501727
471892
470865
470941
470250
472058
472290
472308
551156
470718
471012
471155
496638
496604
472284
472031
470873
471917
471971
472072
472237
471092
471877
486756
472030
483763
472076
471634
472028
453966
472093
495950
472022
472278
472249
471891
472221
472248
472156
472155
471986
472176
470859
472169
472469
472178
470987
471985
470356
483756
472245
479644
471929
486729
472253
472210
472113
472018
471439
472148
471887
471969
483764
470247
503505
472049
471934
470373
483766
480330
472229
471970
472041
472042
471475
471914
486636
472053
472183
486633
486634
471925
483755
472084
471578
486755
484922
486708
472040
472263
495946
470270
486638
472240
472020
472025
472097
488038
488028
472069
499665
472115
522419
471999
486684
486740
486753
472311
471993
472162
472283
483760
471948
493687
471482
470877
472157
472033
472180
472230
522417
472118
472159
500972
472079
472281
471973
486698
486613
471404
470281
472108
471878
471402
486745
472019
472222
472161
488253
472304
472265
500752
470716
484415
472264
486761
472202
511880
509340
712292
715012
719297
724655
731111
734926
734927
734928
734929
734930
734931
734932
734933
734934
734935
734936
734937
734938
734939
734940
734941
734942
734943
734944
734945
734946
734947
734948
734949
734950
734951
734952
734953
734954
734955
734956
734957
734958
734959
734960
734961
734962
734963
734964
734965
734966
734967
734968
734969
734970
734971
734972
734973
734974
734975
734976
734977
734978
734979
734980
734981
734982
734983
734984
734985
734986
734987
734988
734989
734990
734991
734992
734993
734994
734995
734996
734997
734998
734999
735000
735001
735002
735003
735004
735005
735006
735007
735008
735009
735010
735011
735012
735013
735014
735015
735016
735017
735018
735019
735020
735021
735022
735023
735024
735025
735026
735027
735028
735029
735030
735031
735032
735033
735034
735035
735036
735037
735038
735039
735040
735041
735042
735043
735044
735045
735046
735047
735048
735049
735050
735051
735052
735053
735054
735055
735056
735057
735058
735059
735060
735061
735062
735063
735064
735065
735066
735067
735068
735069
735070
735071
735072
735073
735074
735075
735076
735077
735078
735079
735080
735081
735082
735083
735084
735085
735086
735087
735088
735089
735090
735091
735092
735093
735094
735095
735096
735097
735098
735099
735100
735101
735102
735103
735104
735105
735106
735107
735108
735109
735110
735111
735112
735113
735114
735115
735116
735117
735118
735119
735120
735121
735122
735123
735124
735125
735126
735127
735128
735129
735130
735131
735132
735133
735134
735135
735136
735137
735138
735139
735140
735141
735142
735143
735144
735145
735146
735147
735148
735149
735150
735151
735152
735153
735154
735155
735156
735157
735158
735159
735160
735161
735162
735163
735164
735165
735166
735167
735168
735169
735170
735171
735172
735173
735174
735175
735176
735177
735178
735179
735180
735181
735182
735183
735184
735185
735186
735187
735188
735189
735190
735191
735192
735193
735194
735195
735196
735197
735198
735199
735200
735201
735202
735203
735204
735217
735218
735219
735220
735221
735222
735223
735224
735225
735226
735227
735228
735229
735230
735231
735232
735233
735234
735235
735236
735237
735238
735239
735240
735241
735242
735243
735244
735245
735246
735247
735248
735249
735250
735251
735252
735253
735254
735255
735256
735257
735258
735259
735260
735261
735262
735263
735264
735265
735266
735267
735268
735269
735270
735271
735272
735273
735274
735275
735276
735277
735278
735279
735280
735281
735282
735283
735284
735285
735286
735287
735288
735289
735290
735291
735292
735293
735294
735295
735296
735297
735298
735299
735300
735301
735302
735303
735304
735305
735306
735307
735308
735309
735310
735311
735312
735313
735314
735315
735316
735317
735318
735319
735320
735321
735322
735323
735324
735325
735326
735327
735328
735329
735330
735331
735332
735333
735334
735335
735336
735337
735338
735339
735340
735341
735342
735343
735344
735345
735346
735347
735348
735349
735350
735351
735352
735353
735354
735355
735356
735357
735358
735359
735360
735361
735362
735363
735364
735365
735366
735367
735368
735369
735370
735371
735372
735373
735374
735375
735376
735377
735378
735379
735380
735381
735382
735383
735384
735385
735386
735387
735388
735389
735390
735391
735392
735393
735394
735395
735396
735397
735398
735399
735400
735401
735402
735403
735404
735405
735406
735407
735408
735409
735410
735411
735412
735413
735414
735415
735416
735417
735418
735419
735420
735421
735422
735423
735424
735425
735426
735427
735428
735429
735430
735431
735432
735433
735434
735435
735436
735437
735438
735439
735440
735441
735442
735443
735444
735445
735446
735447
735448
735449
735450
735451
735452
735453
735454
735455
735456
735457
735458
735459
735460
735461
735462
735463
735464
735465
735466
735467
735468
735469
735470
735471
735472
735473
735474
735475
735476
735477
735478
735479
735480
735481
735482
735483
735484
735485
735486
735487
735488
735489
735490
735491
735492
735493
735494
735495
735496
735497
468182
468181
468180
468179
468178
468177
468176
468175
468174
468173
468172
596371
596372
596373
596374
596375
596376
596377
596378
596379
596380
596381
596382
596383
596384
596385
596386
596387
596388
596389
596390
596391
596392
596393
596394
596395
596400
596398
596399
596401
596402
596458
596459
596460
596461
596396
596404
596403
596397
633314
633315
633311
633312
596209
596068
596069
595952
595957
596070
595953
596424
596243
595954
595958
596210
595955
596211
595959
595960
595961
596212
595962
596071
596370
596254
596256
596255
596072
596073
596074
596075
596076
596077
596078
596079
596080
596081
596082
596083
596085
596086
596084
596087
596088
596089
596090
596091
596092
596093
596094
596095
596096
596097
596098
596099
596101
596100
596102
596103
596104
596105
595963
596106
596164
596107
596165
596108
596166
596109
596110
596111
596167
595976
596168
633313
596213
595964
595977
595965
596257
595966
596429
596430
596431
596432
596214
596112
596113
596114
596115
596116
596118
596117
596120
595967
595968
596119
595969
596121
595970
596122
596123
596124
596126
596125
596127
596128
595971
596129
596130
596131
596132
596133
596134
596135
596136
596137
596138
596139
596140
596141
596142
595972
596143
596144
596145
596146
596148
596149
596147
595973
596150
596152
596151
596153
596154
596155
596156
595974
595975
596157
596158
596159
596160
596161
596162
596163
595979
595980
595981
596215
595982
596216
595983
596217
596241
595978
596265
595984
596266
596169
595990
596433
595985
595986
596434
595987
596267
596218
595991
596219
596435
596170
596171
596269
596268
596270
595988
595989
596271
595992
596275
595993
596273
596274
596172
595994
595995
596173
595996
595997
596176
595998
595999
596000
596001
596177
596002
596178
596003
596174
596005
596179
596006
596013
596180
596007
596008
596181
596009
596175
596010
596011
596182
596183
596012
596276
596220
596221
596436
596437
596438
596014
596222
596015
596223
596224
596017
596016
596225
596439
596441
596443
596445
596277
596278
596279
596280
596018
596019
596226
596184
596020
596185
596186
596187
596021
596227
596228
596025
596229
596022
596281
596447
596023
596024
596188
596230
596027
596231
596232
596283
596189
596190
596285
596191
596026
596028
596029
596030
596031
596032
596033
596034
596035
596290
596192
596037
596036
596038
596041
596193
596194
596195
596196
596039
596040
596042
596043
596291
596200
596201
596198
596199
596044
596197
596045
596233
596046
596448
596047
596048
596050
596331
596332
596348
596349
596351
596353
596358
596359
596354
596355
596356
596357
596352
596449
596450
596451
596452
596234
596453
596454
596328
596329
596330
596051
596455
596236
596366
596055
596237
596238
596239
596053
596242
596056
596235
596360
596361
596362
596363
596364
596456
596202
596054
596203
596057
596058
596059
596060
596061
596204
596205
596206
596207
596208
420808
596240
596367
596457
596369
596368
596063
596064
596065
596066
739378
739312
739336
739386
739487
739286
739287
739288
739289
739290
739291
739292
739293
739294
739295
739296
739297
739298
739299
739300
739301
739302
739303
739304
739305
739306
739307
739308
739309
739310
739311
739313
739314
739315
739316
739317
739318
739319
739320
739321
739322
739323
739324
739325
739326
739327
739328
739329
739330
739331
739332
739333
739334
739335
739337
739338
739339
739340
739341
739342
739343
739344
739345
739346
739347
739348
739349
739350
739351
739352
739353
739354
739355
739356
739357
739358
739359
739360
739501
739361
739362
739363
739364
739365
739366
739367
739368
739369
739370
739371
739372
739373
739374
739375
739376
739377
739379
739380
739477
739478
739479
739480
739481
739482
739483
739484
739485
739486
739488
739489
739490
739491
739492
739493
739494
739495
739496
739497
739498
739499
739381
739382
739383
739384
739385
739387
739388
739389
739390
739391
739392
739393
739394
739395
739396
739397
739398
739399
739400
739401
739402
739403
739404
739405
739406
739407
739500
739408
739409
739410
739411
739412
739413
739414
739415
739416
739417
739418
739419
739420
739421
739422
739423
739424
739425
739426
739427
739428
739429
739430
739431
739432
739433
739434
739435
739436
739437
739438
739439
739440
739441
739442
739443
739444
739445
739446
739447
739448
739449
739450
739451
739452
739453
739454
739455
739456
739457
739458
739459
739460
739461
739462
739463
739464
739465
739466
739467
739468
739469
739470
739471
739472
739473
739474
739475
739476
707693
707383
707409
707417
707471
707421
707418
707419
707420
707423
707537
707582
707521
707422
707742
707346
707424
707425
707426
707427
707657
707658
707575
707581
707429
707428
707566
707696
707430
707744
707348
707743
707347
707755
707359
707369
707370
707583
707371
707431
707432
707375
707372
707373
707374
707433
707756
707360
707697
707699
707700
707698
707531
707703
707723
707701
707702
707704
707705
707706
707707
707708
707907
707438
707380
707381
707382
707384
707385
707386
707387
707737
707728
707752
707356
707761
707365
707745
707349
707532
707542
707538
707442
707439
707545
707441
707440
707763
707367
707659
707660
707443
707445
707446
707444
707931
707932
707933
707665
707666
707668
707667
707669
707670
707663
707661
707662
707664
707447
707448
707449
707727
707452
707453
707454
707455
707450
707451
707580
707746
707350
707459
707456
707457
707458
707671
707672
707750
707354
707757
707361
707754
707358
707751
707355
707576
707460
707544
707461
707462
707556
707563
707558
707557
707559
707560
707561
707562
707463
707464
707689
707687
707523
707522
707764
707368
707577
707673
707674
707524
707525
707762
707366
707526
707395
707392
707393
707394
707529
707376
707377
707378
707379
707388
707389
707390
707391
707396
707397
707398
707399
707400
707567
707888
707889
707435
707893
707892
707747
707351
707579
707465
707466
707467
707468
707655
707620
707656
707621
707730
707729
707469
707731
707732
707885
707886
707887
707677
707675
707676
707680
707678
707679
707527
707712
707714
707711
707709
707710
707715
707713
707716
707717
707470
707736
707734
707733
707735
707536
707753
707357
707718
707720
707721
707719
707929
707930
707884
707879
707877
707880
707881
707883
707878
707882
707891
707534
707474
707475
707478
707479
707476
707477
707574
707573
707571
707572
707874
707876
707875
707434
707480
707565
707722
707501
707502
707503
707504
707505
707506
707507
707759
707363
707481
707553
707533
707528
707482
707578
707401
707402
707403
707404
707625
707590
707626
707591
707627
707592
707628
707593
707629
707594
707630
707595
707650
707615
707651
707616
707631
707596
707632
707597
707633
707598
707634
707599
707635
707600
707636
707601
707637
707602
707638
707603
707639
707604
707640
707605
707641
707606
707642
707607
707643
707608
707644
707609
707645
707610
707622
707587
707623
707588
707624
707589
707646
707611
707647
707612
707648
707613
707649
707614
707652
707617
707653
707618
707654
707619
707405
707406
707407
707683
707692
707681
707682
707685
707684
707688
707686
707694
707695
707724
707725
707726
707408
707570
707569
707473
707472
707690
707691
707758
707362
707748
707352
707749
707353
707411
707410
707801
707798
707799
707800
707793
707796
707797
707804
707802
707803
707805
707806
707809
707807
707808
707810
707811
707814
707812
707813
707815
707816
707819
707817
707818
707820
707821
707824
707822
707823
707825
707826
707829
707827
707828
707830
707831
707834
707832
707833
707835
707836
707795
707794
707839
707837
707838
707840
707841
707844
707842
707843
707845
707846
707849
707847
707850
707848
707851
707412
707413
707414
707415
707552
707483
707485
707484
707547
707539
707486
707546
707487
707548
707488
707554
707489
707551
707490
707584
707741
707345
707491
707550
707511
707740
707739
707738
707585
707586
707416
707492
707549
707493
707852
707895
707853
707854
707855
707873
707856
707896
707857
707858
707859
707860
707897
707861
707862
707863
707864
707898
707865
707866
707867
707868
707869
707870
707871
707872
707894
707760
707364
707436
707437
707535
707909
707541
707530
707555
707540
707543
707509
707510
707508
707890
707568
707514
707513
707512
707520
707519
707518
707517
707516
707515
707496
707497
707494
707495
707498
707499
707564
707500
707908
707906
707910
707911
707912
707913
707914
707915
707916
707917
707918
707919
707920
707921
707922
707923
707924
707925
707926
707927
707928
403058
403059
403060
403061
403138
403139
403140
403187
403188
403189
403190
403191
403192
403193
403245
403194
403195
403196
403197
403198
403199
403200
403201
403202
403203
403204
403205
403206
403207
403208
403209
403210
403211
403212
403213
403214
403215
403216
403261
403217
403218
403219
403220
403221
403222
403223
403224
403225
403226
403227
403228
403229
403230
403231
403232
403233
403234
403235
403236
403237
403238
403239
403240
403260
403259
403258
403255
403257
403254
403256
403241
403242
403243
403246
403244
403062
403063
403064
403065
403066
403067
403068
403069
403070
403071
403072
403073
403074
403075
403076
403077
403078
403079
403080
403081
403082
403083
403084
403085
403086
403087
403088
403089
403141
403142
403143
403144
403145
403090
403091
403146
403147
403148
403149
403150
403151
403152
403153
403154
403155
403156
403157
403158
403159
403160
403161
403162
403163
403164
403165
403166
403167
403168
403169
403170
403171
403172
403173
403174
403175
403176
403177
403178
403179
403180
403181
403182
403183
403184
403185
403186
403092
403093
403094
403095
403096
403097
403098
403099
403100
403101
403102
403103
403104
403105
403106
403107
403108
403109
403110
403111
403112
403113
403114
403115
403116
403117
403118
403119
403120
403121
403122
403123
403124
403125
403126
403127
403128
403129
403130
403131
403132
403133
403134
403135
403136
403137
443749
171694
171700
171705
171710
171715
171720
171726
171695
171461
171701
171706
171711
171716
171721
171727
171733
171569
171570
171571
171572
171573
171574
171575
171576
171732
171618
171625
171632
171639
171646
171653
171660
171667
171619
171626
171633
171640
171647
171462
171654
171661
171668
171617
171624
171631
171638
171645
171463
171652
171659
171464
171666
171620
171465
171627
171634
171641
171648
171466
171655
171467
171662
171468
171669
171469
171470
171471
171472
171621
171628
171635
171642
171649
171656
171663
171670
171622
171473
171629
171636
171643
171650
171474
171657
171475
171664
171476
171671
171623
171630
171637
171644
171651
171658
171665
171672
171616
171477
171611
171606
171601
171596
171614
171609
171604
171599
171594
171589
171478
171479
171584
171579
171613
171608
171603
171598
171593
171480
171588
171481
171583
171578
171482
171591
171612
171607
171602
171597
171592
171483
171587
171484
171582
171577
171485
171586
171615
171610
171605
171600
171595
171486
171590
171585
171580
171487
171696
171728
171734
171488
171489
171735
171490
171736
171491
171747
171492
171493
171494
171495
171496
171497
171498
171722
171501
171502
171503
171504
171673
171675
171677
171679
171681
171683
171685
171687
411937
411936
411935
171514
171515
171516
171517
171518
171519
171520
171521
171522
171523
171524
171525
171526
171527
171528
171529
171530
171531
171532
171533
171534
171737
171688
171738
171535
171739
171693
171689
171536
171537
171690
171538
171539
171540
171541
171542
171543
171691
171544
171545
171546
171547
171740
171697
171548
171702
171707
171712
171549
171550
171551
171717
171552
171723
171553
171729
171554
171741
171555
171556
171557
171743
171558
171559
171698
171703
171708
171713
171718
171724
171730
171742
171744
171674
171676
171678
171680
171682
171684
171686
171692
171560
171748
171749
171750
171561
171562
171563
171564
171565
171745
417575
417584
417585
417586
417587
417588
417589
417590
417591
417592
417593
417576
417594
417577
417578
417579
417580
417581
417582
417583
171699
171566
171704
171709
171714
171719
171725
171731
171567
171746
171581
171568
589396
589397
589398
589400
589399
589401
589402
589403
589405
589404
589406
589407
589408
589410
589409
589411
589413
589412
589414
589415
589416
589417
589418
589420
589419
589421
589422
589423
589425
589424
589426
589428
589427
589429
589430
589431
589432
589433
589434
589435
589436
589437
589438
589439
589440
589441
589442
589443
589444
589445
589446
589447
589448
589449
589450
589451
589452
589453
589454
589455
589456
589457
589458
589459
589460
589461
589462
589463
589465
589464
589466
589467
589468
589469
589470
589471
589472
589473
589474
589475
589476
589477
589478
589479
589480
589481
589482
589483
589484
589485
589486
589487
589490
589489
589488
589492
589491
589493
589495
589494
589496
589497
589498
589499
589500
589501
589502
589503
589504
589505
589506
589507
589508
589509
589510
589511
589512
589513
589514
589515
589516
589517
589519
589518
589520
589521
589522
589523
589524
589525
589528
589527
589526
589529
589530
589531
589532
589533
589534
589535
589539
589536
589537
589538
589540
589541
589542
589543
589544
589546
589545
589547
589548
589549
589550
589551
589552
589553
589554
589555
589556
589557
589558
589559
589560
589561
589562
589563
589564
589565
589566
589567
589568
589569
589571
589570
589572
589573
589574
589575
589577
589576
589578
589579
589580
589581
589582
589584
589583
589585
589586
589587
589588
589589
589590
589592
589591
589594
589593
589595
589596
589597
589598
589600
589599
589601
589602
589603
589604
589605
589606
589607
589609
589608
589611
589610
589612
589614
589613
589615
589616
589619
589618
589617
589621
589620
589622
589623
589624
589625
589626
589627
589628
589629
589630
589631
589632
589634
589633
589635
589636
589637
589638
589639
589640
589641
589642
589643
589644
589645
589646
589647
589648
589649
589650
589651
589652
589653
589654
589655
589656
589657
589658
589659
589660
589661
589662
589663
589664
589665
589667
589666
589668
589669
589670
589671
589672
589673
589674
589675
589676
589678
589677
589679
589680
589681
589682
589683
589684
589685
589686
589687
589688
589690
589689
589691
589693
589692
589695
589694
589697
589696
589698
589700
589699
589701
589702
589703
589704
589705
589706
589708
589707
589710
589709
589711
589712
589713
589714
589715
589716
589717
589718
589719
589720
589721
589722
589723
589724
589725
589726
589727
589728
589730
589729
589731
589732
589733
589734
589735
589736
589737
589738
589739
589740
589741
589742
589743
589744
589746
589745
493600
493601
493602
493603
493604
493605
493606
493607
493608
493609
493610
493611
493612
493613
493614
493615
493616
493617
493618
493619
493620
493580
493581
493582
493583
493584
493585
493586
493587
493588
493589
493564
493565
493579
493572
493568
493566
493567
493571
493569
493570
493578
493577
493573
493574
493575
493576
493590
493591
493592
493593
493594
493595
493596
493597
493598
493599
659649
659650
659651
659656
659653
659658
659659
659661
659654
659662
659655
659663
659664
659669
659671
659672
659673
659670
659808
659674
659679
659680
659681
659682
659684
659685
659686
659687
659688
659690
659691
659676
659677
659678
659692
659693
659698
659697
659699
659700
659701
659702
659703
659704
659705
659706
659707
659708
659709
659710
659696
659711
659714
659715
659712
659713
659716
659719
659720
659721
659722
659723
659724
659725
659718
659728
659729
659730
659731
659732
659733
659734
659735
659736
659738
659737
659739
659740
659741
659742
659744
659743
659745
659746
659748
659750
659756
659757
659758
659751
659752
659753
659754
659755
659763
659759
659760
659764
659765
659762
659768
659770
659769
659771
659773
659774
659775
659776
659777
659778
659787
659788
659789
659790
659791
659779
659792
659780
659781
659782
659793
659794
659783
659784
659785
659786
659796
659798
659799
659800
659801
659802
659806
443738
443746
443737
443745
443736
443748
443734
443735
443747
443750
443671
443672
443731
443730
443729
443733
443732
443728
443751
443727
443752
443753
443761
443754
443798
443755
443756
443757
443758
443759
443722
443721
443760
443726
443725
443724
443762
443723
443763
443720
443719
443687
443765
443718
443767
443768
443717
443769
443743
443716
443807
443715
443770
443714
443713
443771
443774
443772
443805
443824
443773
443712
443764
443775
443776
443711
443710
443709
443777
443708
443707
443778
443779
443780
443781
443782
443783
443706
443705
443785
443786
443787
443704
443788
443789
443790
443791
443792
443702
443701
443793
443703
443794
443700
443699
443675
443698
443803
443795
443697
443742
443796
443696
443797
443741
443694
443740
443799
443766
443695
443800
443692
443693
443691
443739
443801
443677
443802
443690
443689
443688
443804
443784
443686
443676
443806
443809
443808
443682
443681
443685
443680
443684
443679
443810
443744
443811
443812
443813
443814
443815
443816
443817
443818
443819
443820
443826
443683
443822
443823
443821
443825
443674
443678
443827
443829
443828
443673
635681
635682
635683
635684
635685
635686
635687
635695
635696
635688
635689
635690
635691
635697
635692
635693
635694
635698
635699
635700
635704
635705
635706
635707
635708
635709
635710
635711
635712
635701
635702
635703
635714
635715
635716
635717
635713
635718
635719
635720
635721
635722
635723
635724
635725
635726
635727
635728
635729
635730
635731
635732
635733
635734
635735
635736
635737
635738
635739
635740
635741
635742
635743
635744
635745
635746
635747
635748
635749
635751
635750
635752
635754
635755
635756
635757
635753
635758
635759
635760
635761
635762
635763
635770
635771
635764
635765
635766
635767
635768
635769
635772
635773
635774
635775
635776
635777
635780
635781
635782
635783
635784
635785
635786
635787
635789
635778
635788
635790
635791
635779
635792
635793
635804
635805
635806
635794
635795
635796
635797
635798
635799
635800
635801
635802
635803
635807
635808
635809
635810
635811
635812
635813
635814
635815
635816
635817
635818
635819
635820
635821
635822
635823
635824
635825
635826
171751
171752
171753
171754
171755
171756
171757
171758
171759
718265
718266
718267
718268
718269
718270
718271
718272
718273
718274
718275
718276
718277
718278
718279
718280
718281
718282
718283
718284
718285
718286
718287
718288
718289
718290
718291
718292
718293
718294
718295
718296
718297
718298
718299
718300
718301
718302
718303
718304
718305
718306
718307
718308
718309
718310
718311
718312
718313
718314
718315
718316
718317
718318
718319
718320
718321
718322
718323
718324
718325
718326
718327
718328
718329
718330
718331
718332
718333
718334
718335
718336
718337
718338
718339
718340
718341
718342
718343
718344
718345
718346
718347
718348
718349
718350
718351
718352
718353
718354
718355
718356
718357
718358
718359
718360
718361
718362
718363
718364
718365
718366
718367
718368
718369
718370
718371
718372
718373
718374
718375
718377
718378
718379
718380
718381
718382
718383
718384
718385
718386
718387
718388
718389
718390
718391
718392
718393
718394
718395
718396
718397
718398
718399
718400
718401
718402
718403
718404
718405
718406
718407
718408
718409
718410
718411
718412
718413
735928
741924
741925
741926
741927
741928
741929
741930
741931
741932
741933
741934
741935
741936
741937
741938
741939
741940
741941
741942
741943
741944
741945
741946
741947
741948
741949
741950
741951
741952
741953
741954
741955
741956
741957
741958
741959
741960
741961
741962
741963
741964
741965
741966
741967
741968
741969
741970
741971
741972
741973
741974
741975
741976
741977
741978
741979
741980
741981
741982
741983
741984
741985
741986
741987
741988
741989
741990
741991
741992
741993
741994
741995
741996
741997
741998
741999
742000
742001
742002
742003
742004
742005
742006
742007
742008
742009
742010
742011
742012
742013
742014
742015
742016
742017
742018
742019
742020
742021
742022
742023
742024
742025
742026
742027
742028
742029
742030
742031
742032
742033
742034
742035
742036
742037
742038
742039
742040
742041
742042
742043
742044
742045
742046
742047
742048
742049
742050
742051
742052
742053
742054
742055
742056
742057
742058
742059
742060
742061
742062
742063
742064
742065
742066
742067
742068
742069
742070
742071
742072
742073
742074
742075
742076
742077
742078
742079
742080
742081
742082
742083
742084
742085
742086
742087
742088
742089
742090
742091
742092
742093
742094
742095
742096
742097
742098
742099
742100
742101
742102
742103
742104
742105
742106
742107
742108
742109
742110
742111
742112
742113
742114
742115
742116
742117
742118
742119
742120
742121
742122
742123
742124
742125
742126
742127
742128
742129
742130
742131
742132
742133
742134
742135
742136
742137
742138
742139
742140
742141
742142
742143
742144
742145
742146
742147
742148
742149
742150
742151
742152
742153
742154
742155
742156
742157
742158
742159
742160
742161
742162
742163
742164
742165
742166
742167
742168
742169
742170
742171
742172
742173
742174
742175
742176
742177
742178
742179
742180
742181
742182
742183
742184
742185
742186
742187
742188
742189
742190
742191
742192
742193
742194
742195
742196
742197
742198
742199
742200
742201
742202
742203
742204
742205
742206
742207
742208
742209
742210
742211
742212
742213
742214
742215
742216
742217
742218
742219
742220
742221
742222
742223
742224
742225
742226
742227
742228
742229
742230
742231
742232
742233
742234
742235
742236
742237
744898
744899
744900
744901
744902
744903
744904
744905
744906
744907
744908
744909
744910
744911
744912
744913
744914
744915
744916
744917
744918
744919
744920
744921
744922
744923
744924
744925
744926
744927
744928
744929
744930
744931
744932
744933
744934
744935
744936
744937
744938
744939
744940
744941
744942
744943
744944
744945
744946
744947
744948
441456
441457
441458
441459
441460
441461
441462
441463
441464
441465
441466
441467
441468
441469
441470
441471
441473
588364
588363
588362
588361
588360
588359
588358
588357
588356
588355
588354
588353
588352
588351
588350
588349
588348
588347
588346
588345
588344
588343
588342
588341
588340
588339
588338
588337
588336
588335
588334
588333
588332
588331
588330
588329
679729
679730
679731
679732
679733
679734
679735
679736
679737
679738
679739
679740
679741
679742
679743
679744
679745
679746
679747
679748
679749
679750
679751
679752
679753
679754
679755
679756
679757
679758
679759
679760
679761
679762
679763
679764
679765
679766
679767
679768
679769
679770
679771
679772
679773
679774
679775
679776
679777
679778
679779
679780
679781
679782
679783
679784
679785
679786
679787
679788
679789
679790
679791
679792
679793
679794
679795
679796
679797
679798
679799
679800
679801
679802
679803
679804
679805
679806
679807
679808
679809
679810
679811
679812
679813
679814
679815
679816
679817
679818
679819
679820
679821
679822
679823
679824
679825
679826
679827
679828
679829
679830
679831
679832
679833
679834
679835
679836
679837
679838
679839
679840
679841
679842
679843
679844
679845
679846
679847
679848
679849
679850
679851
679852
679853
679854
679855
679856
679857
679858
679859
679860
679861
679862
679863
679864
679865
679866
706079
706080
706081
706082
706083
706084
706085
706086
706087
706088
706089
706090
706091
706092
706093
706094
706095
706096
706097
706098
713892
713893
713894
713895
713896
713897
713898
713899
713900
713901
714580
713237
711724
721546
721547
721548
721549
721550
721551
721552
721553
721554
721555
721556
721557
721558
721559
721560
721561
721562
721563
721564
721565
721566
721569
721570
721571
721572
721573
721574
721576
721577
721578
721579
721580
424887
424888
424889
424890
424891
424892
424893
424894
424895
424896
424898
424897
424899
424900
424901
424902
424903
424904
424905
424906
424907
424908
424909
424910
424911
424912
424913
424914
424915
424916
724423
724424
724425
724426
724427
724428
724429
724430
724431
724432
724433
724434
724435
724436
724437
724438
724439
724440
724441
724442
724443
724444
724445
724446
724447
724448
724449
724450
724451
724452
724453
724454
724455
724456
724457
724458
724459
724460
724461
724462
724463
417564
729478
729479
729480
729481
729482
729483
729484
729485
729486
729487
729488
729489
729490
729491
729492
729493
729494
729495
729496
729497
729498
729499
729500
729501
729502
729503
729504
729505
729506
729507
729508
729509
729510
729511
729512
729513
729514
729515
729516
729517
729518
729519
729520
729521
729522
729523
729524
729525
729526
729527
729528
729529
729530
729531
729532
729533
729534
729535
729536
729537
729538
729539
729540
729541
729542
729543
729544
729545
729546
729547
729548
729549
729550
729551
729552
729553
729554
729555
729556
729557
729558
729559
729560
729561
729562
729563
729564
729565
729566
729567
729568
729569
729570
729571
729572
729573
729574
729575
729576
729577
729696
729697
729698
729699
729700
729701
729702
729703
729704
729705
729706
729707
729708
729709
729710
729711
729712
729713
729714
729715
729716
729717
729718
729719
729720
729721
729722
729723
729724
729725
729726
729727
729728
729729
729730
729731
729732
729733
729734
729735
729736
729737
729738
729739
729740
729741
729742
729743
729744
729745
729746
729747
729748
729749
729750
729751
729752
729753
729754
729755
729756
729757
729758
729759
729760
729761
729762
729763
729764
729765
729766
729767
729768
729769
729770
729771
729772
729773
729774
729775
729776
729777
729778
729779
729780
729781
729782
729783
729784
729785
729786
729787
729788
729789
729790
729791
729792
729793
729794
729795
729796
729797
729798
729799
729800
729801
729802
729803
729804
729805
729806
729807
729808
729809
729810
729811
729812
729813
729814
729815
729816
729817
729818
729819
729820
729821
729822
729823
729824
729825
729826
729827
729828
729829
729830
729831
729832
729833
729834
729835
729836
729837
729838
729839
729840
729841
729842
729843
729844
729845
729846
729847
729848
729849
729850
729851
729852
729853
729854
729855
729856
729857
729858
729859
729860
729861
729862
729863
729864
729865
729866
729867
729868
729869
729870
729871
729872
729873
729874
729875
729876
729877
729878
729879
729880
729881
729882
729883
729884
729885
729886
729887
729888
729889
729890
729891
729892
729893
729894
729895
729896
729897
729898
729899
729900
729901
729902
729903
729904
729905
729906
729907
729908
729909
729910
729911
729912
729913
729914
729915
729916
729917
729918
729919
729920
729921
729922
729923
729924
729925
729926
729927
729928
729929
729930
729931
729932
729933
729934
729935
729936
729937
729938
729939
729940
729941
729942
729943
729944
729945
729946
729947
729948
729949
729950
729951
729952
729953
729954
729955
729956
729957
729958
729959
729960
729961
729962
729963
729964
729965
729986
729987
729988
729989
729990
729991
729992
729993
729994
729995
729996
729997
729998
729999
730000
730001
730002
730003
730004
730005
730006
730007
730008
730009
730010
730011
730012
730013
730014
730015
730016
730017
730018
730019
730020
730021
730022
730023
730024
730025
730026
730027
730028
730029
730030
730031
730032
730033
730034
730035
730036
730037
730038
730039
730040
730041
730042
730043
730044
730045
730046
730047
730048
730049
730050
730051
730052
730053
730054
730055
730056
730057
730058
730059
730060
730061
730062
730063
730064
730065
730066
730067
730068
730069
730070
730071
730072
730073
730074
730075
730076
730077
730078
730079
730080
730081
730082
730083
730084
730085
730086
730087
730088
730089
730090
730091
730092
730093
730094
730095
730596
730597
730598
730599
730600
730601
730602
730603
730604
730605
730606
730607
730608
730609
730610
730611
730612
730613
730614
730615
730616
730617
730618
730619
730620
730621
730622
730623
730624
730625
730626
730627
730628
730629
730630
730631
730632
730633
730634
730635
730636
730637
730638
730639
730640
730641
730642
730643
730644
730645
730646
730647
730648
730649
730650
730651
730652
730653
730654
730655
730656
730657
730658
730659
730660
730661
730662
730663
730664
730665
730666
730667
730668
730669
730670
730671
730672
730673
730674
730675
730676
730677
730678
730679
730680
730681
730682
730683
730684
730685
730686
730687
730688
730689
730690
730691
730692
730693
730694
730695
730696
730697
730698
730699
730700
730701
730702
730703
730704
730705
730706
730707
730708
730709
730710
730711
730712
730713
730714
730715
730716
730717
730718
730719
730720
730721
730722
730723
730724
730725
730726
730727
730728
730729
730730
730731
730732
730733
730734
730735
730736
730737
730738
730739
730740
730741
730742
730743
730744
730745
730746
730747
730748
730749
730750
730751
730752
730753
730754
730755
730756
730757
730758
730759
730760
730761
730762
730763
730764
730765
730766
730767
730768
730769
730770
730771
730772
730773
730774
730775
730776
730777
730778
730779
730780
730781
730782
730783
730784
730785
730786
730787
730788
730789
730790
730791
730792
730793
730794
730795
730796
730797
730798
730799
730800
730801
730802
730803
730804
730805
730806
730807
730808
730809
730810
730811
730812
730813
730814
730815
730816
730817
730818
730819
730820
730821
730822
730823
730824
730825
730826
730827
730828
730829
730830
730831
730832
730833
730834
730835
730836
730837
730838
730839
730840
730841
730842
730843
730844
730845
730846
730847
730848
730849
730850
730851
730852
730853
730854
730855
730856
730857
730858
730859
730860
730861
730862
730863
730864
730865
730866
730867
730868
730869
730870
730871
730872
730873
730874
730875
730876
730877
730878
730879
730880
730881
730882
730883
730884
730885
730886
730887
730888
730889
730890
730891
730892
730893
730894
730895
730896
730897
730898
730899
730900
730901
730902
730903
730904
730905
730906
730907
730908
730909
730910
730911
730912
730913
730914
730915
730916
730917
730918
730919
730920
730921
730922
730923
730924
730925
730926
730927
730928
730929
730930
730931
730932
730933
730934
730935
730936
730937
730938
730939
730940
730941
730942
730943
730944
730945
730946
730947
730948
730949
730950
730951
730952
730953
730954
730955
730956
730957
730958
730959
730960
730961
730962
730963
730964
730965
730966
730967
730968
730969
730970
730971
730972
730973
731113
731114
731115
731116
731117
731118
731119
731120
731121
731122
731123
731124
731125
731126
731127
731128
731129
731130
731131
731132
731133
731134
731135
731136
731137
731138
731139
731140
731141
731142
731143
731144
731145
731146
731147
731148
731149
731150
731151
731152
731153
731154
731155
731156
731157
731158
731159
731160
731161
731162
731163
731164
731165
731166
731167
731168
731169
731170
731171
731172
731173
731174
731175
731176
731177
731178
731179
731180
731181
731182
731183
731184
731185
731186
731187
731188
731189
731190
731191
731192
731193
731194
731195
731196
731197
731198
731199
731200
731201
731202
731203
731204
731205
731206
731207
731208
731209
731210
731211
731212
731213
731214
731215
731216
731217
731218
731219
731220
731221
731222
731223
731224
731225
731226
731227
731228
731229
731230
731231
731232
731233
731234
731235
731236
731237
731238
731239
731240
731241
731242
731243
731244
731245
731246
731247
731248
731249
731250
731251
731252
731253
731254
731255
731256
731257
731258
731259
731260
731261
731262
731263
731264
731265
731266
731267
731268
731269
731270
731271
731272
731273
731274
731275
731276
731277
731278
731279
731280
731281
731282
731283
731284
731285
731286
731287
731288
731289
731290
731291
731292
731293
731294
731295
731296
731297
731298
731299
731300
731301
731302
731303
731304
731305
731306
731307
731308
731309
731310
731311
731312
731342
731343
731344
731345
731346
731347
731348
731349
730974
730975
730976
730977
730978
730979
730980
730981
730982
730983
730984
730985
730986
730987
730988
730989
730990
730991
730992
730993
730998
730999
731000
731001
731002
731003
731004
731005
731006
731007
731008
731009
731010
731011
731012
731013
731014
731015
731016
731017
731018
731019
731020
731021
731022
731023
731024
731025
731026
731027
731028
731029
731030
731031
731032
731033
731034
731035
731036
731037
731038
731041
731042
731043
731044
731045
731046
731047
731048
731049
731050
731051
731052
731053
731054
731055
731056
731057
731058
731059
731060
731061
731062
731063
731064
731065
731066
731067
731068
731069
731070
731071
731072
731073
731074
731075
731076
731077
731078
731079
731080
731081
731082
731083
731084
731085
731086
731087
731088
731089
731090
731091
731092
731093
731094
731095
731039
731040
730994
730995
730996
730997
731350
731351
731352
731353
731354
731355
731356
731357
731358
731359
731360
731361
731362
731363
731364
731365
731366
731367
731368
731369
731370
731371
731372
731373
731374
731375
731376
731377
731378
731379
731380
731381
731382
731383
731384
731385
731386
731387
731388
731389
731390
731391
731392
731393
731394
731395
731396
731397
731398
731399
731400
731401
731402
731403
731404
731405
731406
731407
731408
731409
731410
731411
731412
731413
731414
731415
731416
731417
731418
731419
731420
731421
731422
731423
731424
731425
731426
731427
731428
731429
731430
731431
731432
731433
731434
731435
731436
731437
731438
731439
731440
731441
731443
731444
731445
731446
731447
731448
731449
731450
731451
731452
731453
731454
731455
731456
731457
731458
731459
731460
731461
731462
731463
731464
731465
731466
731467
731468
731469
731470
731471
731472
731473
731474
731475
731476
731477
731478
731479
731480
731481
731482
731483
731484
731485
731486
731487
731488
731489
731490
731491
731492
731493
731494
731495
731496
731497
731498
731499
731500
731501
731502
731503
731504
731505
731506
731507
731508
731509
731510
731511
731512
731513
731514
731515
731529
731530
731531
731532
731533
731534
731535
731536
731537
731538
731539
731540
731541
731542
731883
731884
731885
731886
731887
731888
731889
731890
731891
731892
731893
731894
731895
731896
731897
731898
731899
731900
731901
731902
731903
731904
731905
731906
731907
731908
731909
731910
731911
731912
731913
731914
731915
731916
731917
731918
731919
731920
731921
731922
731923
731924
731925
731926
731927
731928
731929
731930
731931
731932
731933
731934
731935
731936
731937
731938
731939
731940
731941
731942
731943
731944
731945
731946
731947
731948
731949
731950
731951
731952
731953
731954
731955
731956
731957
731958
731959
731960
731961
731962
731963
731964
731965
731966
731967
731968
731969
731970
731971
731972
731973
731974
731975
731976
731977
731978
731979
731980
731981
731982
731983
731984
731985
731986
731987
731988
731989
731990
731991
731992
731993
731994
731995
731996
731997
731998
731999
732000
732001
732002
732003
732004
732005
732006
732007
732008
732009
732010
732011
732012
732013
732014
732015
732016
732017
732018
732019
732020
732021
732022
732023
732024
732025
732026
732027
732028
732029
732030
732031
732032
732033
732034
732035
732036
732037
732038
732039
732040
732041
732042
732043
732044
732045
732046
732047
732048
732049
732050
732051
732052
732053
732054
732055
732056
732057
732058
732059
732060
732061
732062
732063
732064
732065
732066
732067
732068
732069
732070
732071
732072
732073
732074
732075
732076
732077
732078
732079
732080
732081
732082
732083
732084
732085
732086
732087
732088
732089
732090
732091
732092
732093
732094
732095
732096
732097
732098
732099
732100
732101
732102
732103
732104
732105
732106
732107
732108
732109
732110
732111
732112
732113
732114
732115
732116
732117
732118
732119
732120
732121
732122
732123
732124
732125
732126
732127
732128
732129
732130
732131
732132
732133
732134
732135
732136
732137
732138
732139
732140
732141
732142
732143
732144
732145
732146
732147
732148
732149
732150
732151
732152
732153
732154
732155
732156
732157
732158
732159
732160
732161
732162
732163
732164
732165
732166
732167
732168
732169
732170
732171
732172
732173
732174
732175
732176
732177
732178
732179
732180
732181
732182
736979
736980
736981
736982
736983
736984
736985
736986
736987
736988
736989
736990
736991
736992
736993
736994
736995
736996
736997
736998
736999
737000
737001
737002
737003
737004
737005
737006
737007
737008
737009
737010
737011
737012
737013
737014
737015
737016
737017
737018
737019
737020
737021
737022
737023
737024
737025
737026
737027
737028
737029
737030
737031
737032
737033
737034
737035
737036
737037
737038
737039
737040
737041
737042
737043
737044
737045
737046
737047
737048
737049
737050
737051
737052
737053
737054
737055
737056
737057
737058
737059
737060
737061
737062
737063
737064
737065
737066
737067
737068
737069
737070
737071
737072
737073
737074
737075
737076
737077
737078
737079
737080
737081
737082
737083
737084
737085
737086
737087
737088
737089
737090
737091
737092
737093
737094
737095
737096
737097
737098
737099
737100
737101
737102
737103
737104
737105
737106
737107
737108
737109
737110
737111
737112
737113
737114
737115
737116
737117
737118
737119
737120
737121
737122
737123
737124
737125
737126
737127
737128
737129
737130
737131
737132
737133
737134
737135
737136
737137
737138
737139
737140
737141
737142
737143
737144
737145
737146
737147
737148
737149
737150
737151
737152
737153
737154
737155
737156
737157
737158
737159
737160
737161
737162
737163
737164
737165
737166
737167
737168
737169
737170
737171
737172
737173
737174
737175
737176
737177
737178
737179
737180
737181
737182
737183
737184
737185
737186
737187
737188
737189
737190
737191
737192
737193
737194
737195
737196
737197
737198
737199
737200
737201
737202
737203
737204
737205
737206
737207
737208
737209
737210
737211
737212
737213
737214
737215
737216
737217
737218
737219
737220
737221
737222
737223
737224
737225
737226
737227
737228
737229
737230
737231
737232
737233
737234
737235
737236
737237
737238
737239
737240
737241
737242
737243
737244
737245
737246
737247
737248
737249
737250
737251
737252
737253
737254
737255
737256
737257
737258
737259
737260
737261
737262
737263
737264
737265
737266
737267
737268
737269
737270
737271
737272
737273
737274
737275
737276
737277
737278
737279
737280
737281
737282
737283
737284
737285
737286
737287
737288
737289
737290
737291
737292
737293
737294
737295
737296
737297
737298
737299
737300
737301
737302
737303
737304
737305
737306
737307
737308
737309
737310
737311
737312
737313
737314
737315
737316
737317
737318
737319
737320
737321
737322
737323
737324
737325
737326
737327
737328
737329
737330
737331
737332
737333
737334
737335
737336
737337
737338
737339
737340
737341
737342
737343
737344
737345
737346
737347
737348
737349
737350
737351
737352
737353
737354
737355
737356
737357
737358
737359
737360
737361
737362
737363
737364
737365
737366
737367
737368
737369
737370
737371
737372
737373
737374
737375
737376
737377
737378
737379
737380
737381
737382
737383
737384
737385
737386
737387
737388
737389
737390
737391
737392
737393
737394
737395
737396
737397
737398
737399
737400
737401
737402
737403
737404
737405
737406
737407
737408
737409
737410
737411
737412
737413
737414
737415
737416
737417
737418
737419
737420
737421
737422
737423
737424
737425
737426
737427
737428
737429
737430
737431
737432
737433
737434
737435
737436
737437
737438
737439
737440
737441
737442
737443
737444
737445
737446
737447
737448
737449
737450
737451
737452
737453
737454
737455
737456
737457
737458
737459
737460
737461
737462
737463
737464
737465
737466
737467
737468
737469
737470
737471
737472
737473
737474
737475
737476
737477
737478
737479
737480
737481
737482
737483
737484
737485
737486
737487
737488
737489
737490
737491
737492
737493
737494
737495
737496
737497
737498
737499
737500
737501
737502
737503
737504
737505
737506
737507
737508
737509
737510
737511
737512
737513
737514
737515
737516
737517
737518
737519
737520
737521
737522
737523
737524
737525
737526
737527
737528
737529
737530
737531
737532
737533
737534
737535
737536
737537
737538
737539
737540
737541
737542
737543
737544
737545
737546
737547
737548
737549
737550
737551
737552
737553
737554
737555
737556
737557
737558
737559
737560
737561
737562
737563
737564
737565
737566
737567
737568
737569
737570
737571
737572
737573
737574
737575
737576
737577
737578
737579
737580
737581
737582
737583
737584
737585
737586
737587
737588
737589
737590
737591
737592
737593
737594
737595
737596
737597
737598
737599
737600
737601
737602
737603
737604
737605
737606
737607
737608
737609
737610
737611
737612
737613
737614
737615
737616
737617
737618
737619
737620
737621
737622
737623
737624
737625
737626
737627
737628
737629
737630
737631
737632
737633
737634
737635
737636
737637
737638
737639
737640
737641
737642
737643
737644
737645
737646
737647
737648
737649
737650
737651
737652
737653
737654
737655
737656
737657
737658
737659
737660
737661
737662
737663
737664
737665
737666
737667
737668
737669
737670
737671
737672
737673
737674
737675
737676
737677
737678
737679
737680
737681
737682
737683
737684
737685
737686
737687
737688
737689
737690
737691
737692
737693
737694
737695
737696
737697
737698
737699
737700
737701
737702
737703
737704
737705
737706
737707
737708
737709
737710
737711
737712
737713
737714
737715
737716
737717
737718
737719
737720
737721
737722
737723
737724
737725
737726
737727
737728
737729
737730
737731
737732
737733
737734
737735
737736
737737
737738
737739
737740
737741
737742
737743
737744
737745
737746
737747
737748
737749
737750
737751
737752
737753
737754
737755
737756
737757
737758
737759
737760
737761
737762
737763
737764
737765
737766
737767
737768
737769
737770
737771
737772
737773
737774
737775
737776
737777
737778
737779
737780
737781
737782
737783
737784
737785
737786
737787
737788
737789
737790
737791
737792
737793
737794
737795
737796
737797
737798
737799
737800
737801
737802
737803
737804
737805
737806
737807
737808
737809
737810
737811
737812
737813
737814
737815
737816
737817
737818
737819
737820
737821
737822
737823
737824
737825
737826
737827
737828
737829
737830
737831
737832
737833
737834
737835
737836
737837
737838
737839
737840
737841
737842
737843
737844
737845
737846
737847
737848
737849
737850
737851
737852
737853
737854
737855
737856
737857
737858
737859
737860
737861
737862
737863
737864
737865
737866
737867
737868
737869
737870
737871
737872
737873
737874
737875
737876
737877
737878
737879
737880
737881
737882
737883
737884
737885
737886
737887
737888
737889
737890
737891
737892
737893
737894
737895
737896
737897
737898
737899
737900
737901
737902
737903
737904
737905
737906
737907
737908
737909
737910
737911
737912
737913
737914
737915
737916
737917
737918
737919
737920
737921
737922
737923
737924
737925
737926
737927
737928
737929
737930
737931
737932
737933
737934
737935
737936
737937
737938
737939
737940
737941
737942
737943
737944
737945
737946
737947
737948
737949
737950
737951
737952
737953
737954
737955
737956
737957
737958
737959
737960
737961
737962
737963
737964
737965
737966
737967
737968
737969
737970
737971
737972
737973
737974
737975
737976
737977
737978
744366
744367
744368
744369
744370
744371
744372
744373
744374
744375
744376
744377
744378
744379
744380
744381
744382
744383
744384
744385
744386
744387
744388
744389
744390
744391
744392
744393
744394
744395
744396
744397
744398
744399
744400
744401
744402
744403
744404
744405
744406
744407
744408
744409
744410
744411
744412
744413
744414
744415
744416
744417
744418
744419
744420
744421
744422
744423
744424
744425
744426
744427
744428
744429
744430
744431
744432
744433
744434
744435
744436
744437
744438
744439
744440
744441
744442
744443
744444
744445
744446
744447
744448
744449
744450
744451
744452
744453
744454
744455
744456
744457
744458
744459
744460
744461
744462
744463
744464
744465
746397
746395
746398
746341
746599
746702
388425
388426
388427
388428
388429
388430
388431
388432
388433
388434
388435
388436
388437
388438
388439
388440
388441
388442
388443
388444
388445
388446
388447
388448
388449
388450
388451
388452
388453
388454
388456
388455
388457
388459
388458
388460
388462
388461
388463
388465
388464
388466
388468
388467
388469
388471
388470
388472
388474
388473
388475
388476
388477
388478
388480
388479
388481
388483
388482
388484
388486
388485
388487
388489
388488
388490
388492
388491
388493
388496
388494
388495
388498
388497
388499
388501
388500
388502
388504
388503
388505
388508
388506
388507
388511
388509
388510
388514
388512
388513
388574
388573
388572
388571
388570
388569
388568
388567
388566
388565
388564
388563
388562
388561
388560
388559
388558
388557
388556
388555
388554
388553
388552
388551
388543
388550
388549
388548
388547
388546
388545
388544
421256
739782
739801
423123
421261
739613
421009
739820
739614
421027
421029
421370
421371
421373
421374
421273
421274
421376
421275
739787
739607
739608
739777
421387
421388
739805
739804
421056
421065
421068
739779
739599
739600
739601
739602
739603
740032
739781
739774
740068
740069
740070
740071
740072
740073
740074
740075
740076
739604
739605
739606
739807
739780
739788
739789
739795
739793
739790
739792
740033
421298
421417
739776
739615
421337
421255
421339
421340
421341
421342
421345
421257
421258
421346
421260
421349
421350
421351
421262
421352
421353
421263
421354
421355
421356
421264
421357
421361
421362
421363
421269
421364
421365
421270
421366
421367
421368
421271
421369
421272
421378
421379
421380
421381
421276
421277
421382
421278
421383
421279
421384
421385
421386
421280
421281
421389
421282
421283
421390
421284
421391
421287
421392
421393
421288
421394
421395
421396
461695
421398
421399
421290
421400
421291
421401
421293
421404
421294
421405
421295
421296
421407
421408
421409
421410
421411
421412
421413
421414
421415
421419
421420
421299
421421
421422
421423
421424
421425
421426
421427
421428
421300
421429
421430
421431
421432
421433
421434
421435
423184
421301
421436
421437
421438
421439
421302
421303
421443
421444
421445
421304
421447
421448
421305
421449
421450
421451
421452
421453
421306
421307
421454
421308
421455
421456
421457
421458
421309
421459
421460
421461
421462
421463
421310
421311
421472
421473
421474
421475
421476
421477
421312
421478
421479
421480
421483
421484
487975
421485
421313
421486
421314
421487
421488
421315
421489
421490
421316
421317
421491
421318
468774
421493
421494
421495
421496
421497
421330
421498
421499
421500
421332
421502
421503
421333
421504
421334
425117
421335
421507
421508
421510
739775
421440
739783
739817
739610
739609
421171
421173
739806
739784
739800
421482
739802
739808
739809
739822
739799
739796
739797
739612
739919
739910
739918
739917
739916
739915
739914
739913
739912
739911
739616
421506
